10
18
9
29
51
11
18
8
558
75
206
82
76
13
21
0
0
0
19
0
0
6
6
6
9
9
9
19
19
19
41
8
8
10
6
12
7
8
303
319
28
38
47
6
16
16
9
9
14
13
15
21
13
3570
11
25
30
4256
14
17
755
39
53
53
53
14
20
22
1913
999
338
1166
164
372
436
436
247
254
254
282
333
467
42
107
0
41
157
16
115
115
259
272
390
19
53
90
98
7
20
32
103
188
188
5
11
21
21
21
16
35
46
19
41
5
209
87
87
15
15
39
16
16
19
188
305
305
11
34
48
54
82
270
270
17
74
81
0
70
87
100
21
46
17
9
5
93
103
115
41
338
338
24
21
261
261
17
26
108
360
360
42
270
270
55
45
235
236
15
258
258
395
395
63
298
298
2801
473
96
129
50
227
247
67
333
324
374
24
11
23
151
18
25
26
37
29
433
703
322
